- 01:42:28.97 OB Addr 700520001 Data Length 152 ----
 82 83 30 37 45 30 63 08 53 59 30 30 30 30 32 30 | ..07E0c.SY000020 |
 53 59 30 30 30 30 32 30 20 20 20 20 20 20 20 1C | SY000020       . |
 36 30 1C 56 30 35 2E 30 30 2E 34 32 20 56 30 35 | 60.V05.00.42 V05 |
 2E 37 30 2E 34 32 20 56 30 34 2E 30 32 2E 31 34 | .70.42 V04.02.14 |
 20 30 20 20 30 54 20 20 30 30 20 30 30 30 20 20 |  0  0T  00 000   |
 20 20 20 30 30 30 30 30 30 30 32 4B 30 37 35 36 |    00000002K0756 |
 30 30 36 33 30 30 30 30 30 30 30 30 30 30 30 30 | 0063000000000000 |
 30 30 30 30 30 30 30 30 30 30 30 30 30 30 30 30 | 0000000000000000 |
 30 30 30 30 30 30 30 30 30 30 30 30 30 30 30 30 | 0000000000000000 |
 30 30 30 30 1C 5B 32 1C                         | 0000.[2.         |

- 01:42:29.05 IB Addr 700520001 Data Length 71 ----
 04 30 30 37 45 30 53 59 30 30 30 30 32 30 20 20 | .007E0SY000020   |
 20 20 20 20 20 1C 36 30 1C 7E 33 42 46 42 30 39 |      .60.~3BFB09 |
 44 44 30 39 46 31 42 38 32 31 1C 21 30 30 30 30 | DD09F1B821.!0000 |
 30 33 37 35 1C 7B 30 32 39 41 39 42 44 35 30 43 | 0375.{029A9BD50C |
 41 33 34 36 31 46 1C                            | A3461F.          |

- 01:42:29.49 OB Addr 8008 Data Length 68 ----
 02 53 59 30 30 30 30 32 30 20 20 20 20 20 20 20 | .SY000020        |
 1C 36 30 1C 7E 33 42 46 42 30 39 44 44 30 39 46 | .60.~3BFB09DD09F |
 31 42 38 32 31 1C 21 30 30 30 30 30 33 37 35 1C | 1B821.!00000375. |
 7B 30 32 39 41 39 42 44 35 30 43 41 33 34 36 31 | {029A9BD50CA3461 |
 46 1C 03 6B                                     | F..k             |

- 01:42:30.97 OB Disc Request Addr 8008 [(SY000020)(ERROR),err:0]

- 02:13:19.82 OB Addr 700520001 Data Length 152 ----
 82 83 31 30 41 39 63 08 53 59 30 30 30 30 32 30 | ..10A9c.SY000020 |
 53 59 30 30 30 30 32 30 20 20 20 20 20 20 20 1C | SY000020       . |
 36 30 1C 56 30 35 2E 30 30 2E 34 32 20 56 30 35 | 60.V05.00.42 V05 |
 2E 37 30 2E 34 32 20 56 30 34 2E 30 32 2E 31 34 | .70.42 V04.02.14 |
 20 30 20 20 30 54 20 20 30 30 20 30 30 30 20 20 |  0  0T  00 000   |
 20 20 20 30 30 30 30 30 30 30 32 4B 30 37 35 36 |    00000002K0756 |
 30 30 36 33 30 30 30 30 30 30 30 30 30 30 30 30 | 0063000000000000 |
 30 30 30 30 30 30 30 30 30 30 30 30 30 30 30 30 | 0000000000000000 |
 30 30 30 30 30 30 30 30 30 30 30 30 30 30 30 30 | 0000000000000000 |
 30 30 30 30 1C 5B 32 1C                         | 0000.[2.         |

- 02:13:19.94 IB Addr 700520001 Data Length 71 ----
 04 30 31 30 41 39 53 59 30 30 30 30 32 30 20 20 | .010A9SY000020   |
 20 20 20 20 20 1C 36 30 1C 7E 36 38 30 36 36 42 |      .60.~68066B |
 38 44 36 46 43 31 39 30 44 38 1C 21 30 30 30 30 | 8D6FC190D8.!0000 |
 30 33 37 35 1C 7B 32 30 30 46 44 36 35 46 42 35 | 0375.{200FD65FB5 |
 41 38 42 38 34 33 1C                            | A8B843.          |

- 02:13:20.34 OB Addr 8008 Data Length 68 ----
 02 53 59 30 30 30 30 32 30 20 20 20 20 20 20 20 | .SY000020        |
 1C 36 30 1C 7E 36 38 30 36 36 42 38 44 36 46 43 | .60.~68066B8D6FC |
 31 39 30 44 38 1C 21 30 30 30 30 30 33 37 35 1C | 190D8.!00000375. |
 7B 32 30 30 46 44 36 35 46 42 35 41 38 42 38 34 | {200FD65FB5A8B84 |
 33 1C 03 65                                     | 3..e             |

- 02:13:21.10 OB Disc Request Addr 8008 [(SY000020)(ERROR),err:0]

- 03:43:56.73 OB Addr 700520001 Data Length 152 ----
 82 83 31 34 41 31 63 08 53 59 30 30 30 30 32 30 | ..14A1c.SY000020 |
 53 59 30 30 30 30 32 30 20 20 20 20 20 20 20 1C | SY000020       . |
 36 30 1C 56 30 35 2E 30 30 2E 34 32 20 56 30 35 | 60.V05.00.42 V05 |
 2E 37 30 2E 34 32 20 56 30 34 2E 30 32 2E 31 34 | .70.42 V04.02.14 |
 20 30 20 20 30 54 20 20 30 30 20 30 30 30 20 20 |  0  0T  00 000   |
 20 20 20 30 30 30 30 30 30 30 32 4B 30 37 35 36 |    00000002K0756 |
 30 30 36 33 30 30 30 30 30 30 30 30 30 30 30 30 | 0063000000000000 |
 30 30 30 30 30 30 30 30 30 30 30 30 30 30 30 30 | 0000000000000000 |
 30 30 30 30 30 30 30 30 30 30 30 30 30 30 30 30 | 0000000000000000 |
 30 30 30 30 1C 5B 32 1C                         | 0000.[2.         |

- 03:43:56.83 IB Addr 700520001 Data Length 71 ----
 04 30 31 34 41 31 53 59 30 30 30 30 32 30 20 20 | .014A1SY000020   |
 20 20 20 20 20 1C 36 30 1C 7E 33 35 31 36 39 32 |      .60.~351692 |
 37 37 30 44 43 30 34 32 44 36 1C 21 30 30 30 30 | 770DC042D6.!0000 |
 30 33 37 35 1C 7B 35 37 46 45 41 37 43 38 39 32 | 0375.{57FEA7C892 |
 35 36 35 30 32 42 1C                            | 56502B.          |

- 03:43:57.24 OB Addr 8008 Data Length 68 ----
 02 53 59 30 30 30 30 32 30 20 20 20 20 20 20 20 | .SY000020        |
 1C 36 30 1C 7E 33 35 31 36 39 32 37 37 30 44 43 | .60.~351692770DC |
 30 34 32 44 36 1C 21 30 30 30 30 30 33 37 35 1C | 042D6.!00000375. |
 7B 35 37 46 45 41 37 43 38 39 32 35 36 35 30 32 | {57FEA7C89256502 |
 42 1C 03 1C                                     | B...             |

- 03:43:58.60 OB Disc Request Addr 8008 [(SY000020)(ERROR),err:0]

- 05:45:54.60 OB Addr 700520001 Data Length 152 ----
 82 83 30 44 46 31 63 08 53 59 30 30 30 30 32 30 | ..0DF1c.SY000020 |
 53 59 30 30 30 30 32 30 20 20 20 20 20 20 20 1C | SY000020       . |
 36 30 1C 56 30 35 2E 30 30 2E 34 32 20 56 30 35 | 60.V05.00.42 V05 |
 2E 37 30 2E 34 32 20 56 30 34 2E 30 32 2E 31 34 | .70.42 V04.02.14 |
 20 30 20 20 30 54 20 20 30 30 20 30 30 30 20 20 |  0  0T  00 000   |
 20 20 20 30 30 30 30 30 30 30 32 4B 30 37 35 36 |    00000002K0756 |
 30 30 36 33 30 30 30 30 30 30 30 30 30 30 30 30 | 0063000000000000 |
 30 30 30 30 30 30 30 30 30 30 30 30 30 30 30 30 | 0000000000000000 |
 30 30 30 30 30 30 30 30 30 30 30 30 30 30 30 30 | 0000000000000000 |
 30 30 30 30 1C 5B 32 1C                         | 0000.[2.         |

- 05:45:54.71 IB Addr 700520001 Data Length 71 ----
 04 30 30 44 46 31 53 59 30 30 30 30 32 30 20 20 | .00DF1SY000020   |
 20 20 20 20 20 1C 36 30 1C 7E 35 42 33 38 44 45 |      .60.~5B38DE |
 41 35 44 36 39 38 32 31 33 32 1C 21 30 30 30 30 | A5D6982132.!0000 |
 30 33 37 35 1C 7B 46 30 43 36 43 30 45 38 46 33 | 0375.{F0C6C0E8F3 |
 38 46 37 30 45 30 1C                            | 8F70E0.          |

- 05:45:55.12 OB Addr 8008 Data Length 68 ----
 02 53 59 30 30 30 30 32 30 20 20 20 20 20 20 20 | .SY000020        |
 1C 36 30 1C 7E 35 42 33 38 44 45 41 35 44 36 39 | .60.~5B38DEA5D69 |
 38 32 31 33 32 1C 21 30 30 30 30 30 33 37 35 1C | 82132.!00000375. |
 7B 46 30 43 36 43 30 45 38 46 33 38 46 37 30 45 | {F0C6C0E8F38F70E |
 30 1C 03 18                                     | 0...             |

- 05:45:56.51 OB Disc Request Addr 8008 [(SY000020)(ERROR),err:0]

- 07:28:01.45 OB Addr 700520001 Data Length 571 ----
 82 83 30 41 31 34 63 08 53 59 30 30 30 30 32 30 | ..0A14c.SY000020 |
 53 59 30 30 30 30 32 30 20 20 20 20 20 20 20 1C | SY000020       . |
 33 31 1C 31 32 31 33 1C 34 30 39 33 31 31 30 30 | 31.1213.40931100 |
 30 39 39 37 36 32 33 31 3D 32 33 31 30 32 30 31 | 09976231=2310201 |
 30 30 34 37 32 30 31 32 30 31 1C 30 30 30 30 30 | 0047201201.00000 |
 30 30 30 1C 30 30 30 30 30 30 30 30 1C 43 44 41 | 000.00000000.CDA |
 35 36 42 44 32 35 30 44 31 41 35 30 38 1C 1C 1C | 56BD250D1A508... |
 56 30 35 2E 30 30 2E 34 32 20 56 30 35 2E 37 30 | V05.00.42 V05.70 |
 2E 34 32 20 56 30 34 2E 30 32 2E 31 34 20 30 20 | .42 V04.02.14 0  |
 20 30 54 20 20 30 30 20 30 30 30 20 20 20 20 20 |  0T  00 000      |
 30 30 30 30 30 30 30 32 4B 30 37 35 36 30 30 36 | 00000002K0756006 |
 33 30 30 30 30 30 30 30 30 30 30 30 30 30 30 30 | 3000000000000000 |
 30 30 30 30 30 30 30 30 30 30 30 30 30 30 30 30 | 0000000000000000 |
 30 30 30 30 30 30 30 30 30 30 30 30 30 30 30 30 | 0000000000000000 |
 30 1C 75 64 39 46 30 36 30 37 41 30 30 30 30 30 | 0.ud9F0607A00000 |
 30 30 39 38 30 38 34 30 38 32 30 32 31 38 30 30 | 0098084082021800 |
 39 46 33 36 30 32 30 30 33 43 39 46 32 36 30 38 | 9F3602003C9F2608 |
 41 33 41 43 32 32 39 30 41 39 41 30 46 38 38 46 | A3AC2290A9A0F88F |
 39 46 32 37 30 31 38 30 39 46 31 30 30 37 30 36 | 9F2701809F100706 |
 30 31 30 41 30 33 41 30 32 30 30 30 39 35 30 35 | 010A03A020009505 |
 38 30 38 30 30 34 30 30 30 30 39 46 33 37 30 34 | 80800400009F3704 |
 36 45 37 34 42 36 32 31 35 46 33 34 30 31 30 30 | 6E74B6215F340100 |
 39 46 31 41 30 32 30 38 34 30 35 46 32 41 30 32 | 9F1A0208405F2A02 |
 30 38 34 30 39 41 30 33 32 33 31 30 32 35 39 43 | 08409A032310259C |
 30 31 33 30 39 46 34 31 30 34 30 30 30 30 31 32 | 01309F4104000012 |
 31 34 39 46 31 45 30 38 33 30 33 30 33 30 33 30 | 149F1E0830303030 |
 33 30 33 30 33 30 33 31 39 46 33 33 30 33 36 30 | 303030319F330360 |
 34 30 30 30 39 46 33 35 30 31 31 34 38 45 31 32 | 40009F3501148E12 |
 30 30 30 30 30 30 30 30 30 30 30 30 30 30 30 30 | 0000000000000000 |
 30 32 30 31 30 30 30 34 30 32 30 35 34 32 30 30 | 0201000402054200 |
 31 46 30 30 39 46 33 34 30 33 30 32 30 31 30 30 | 1F009F3403020100 |
 39 46 33 39 30 31 30 35 39 42 30 32 36 30 30 30 | 9F3901059B026000 |
 35 46 32 34 30 33 32 33 31 30 33 31 39 46 30 32 | 5F24032310319F02 |
 30 36 30 30 30 30 30 30 30 30 30 30 30 30 39 46 | 060000000000009F |
 30 39 30 32 30 30 38 43 38 34 30 37 41 30 30 30 | 0902008C8407A000 |
 30 30 30 30 39 38 30 38 34 30 1C                | 0000980840.      |

- 07:28:02.11 IB Addr 700520001 Data Length 160 ----
 04 30 30 41 31 34 30 1C 53 59 30 30 30 30 32 30 | .00A140.SY000020 |
 20 20 20 20 20 20 20 1C 33 31 1C 31 32 31 33 1C |        .31.1213. |
 30 30 30 1C 30 30 31 33 37 36 38 30 1C 31 30 32 | 000.00137680.102 |
 35 32 33 1C 30 38 32 38 30 31 1C 31 30 32 35 32 | 523.082801.10252 |
 33 1C 30 34 33 39 38 37 33 30 1C 30 30 30 30 30 | 3.04398730.00000 |
 30 30 30 1C 65 30 30 30 30 30 34 33 39 38 37 33 | 000.e00000439873 |
 30 1C 75 64 38 41 30 32 33 30 33 30 39 31 30 41 | 0.ud8A023030910A |
 44 34 34 38 33 34 32 39 31 39 32 39 34 38 42 31 | D4483429192948B1 |
 33 30 33 30 1C 21 30 30 30 30 30 33 37 35 1C 75 | 3030.!00000375.u |
 61 31 30 32 35 32 33 1C 74 30 38 32 38 30 32 1C | a102523.t082802. |

- 07:28:02.48 OB Addr 8008 Data Length 157 ----
 02 30 1C 53 59 30 30 30 30 32 30 20 20 20 20 20 | .0.SY000020      |
 20 20 1C 33 31 1C 31 32 31 33 1C 30 30 30 1C 30 |   .31.1213.000.0 |
 30 31 33 37 36 38 30 1C 31 30 32 35 32 33 1C 30 | 0137680.102523.0 |
 38 32 38 30 31 1C 31 30 32 35 32 33 1C 30 34 33 | 82801.102523.043 |
 39 38 37 33 30 1C 30 30 30 30 30 30 30 30 1C 65 | 98730.00000000.e |
 30 30 30 30 30 34 33 39 38 37 33 30 1C 75 64 38 | 000004398730.ud8 |
 41 30 32 33 30 33 30 39 31 30 41 44 34 34 38 33 | A023030910AD4483 |
 34 32 39 31 39 32 39 34 38 42 31 33 30 33 30 1C | 429192948B13030. |
 21 30 30 30 30 30 33 37 35 1C 75 61 31 30 32 35 | !00000375.ua1025 |
 32 33 1C 74 30 38 32 38 30 32 1C 03 1D          | 23.t082802...    |

- 07:28:04.05 OB Disc Request Addr 8008 [(SY000020)(ERROR),err:0]

- 07:28:47.53 OB Addr 700520001 Data Length 571 ----
 82 83 30 41 35 32 63 08 53 59 30 30 30 30 32 30 | ..0A52c.SY000020 |
 53 59 30 30 30 30 32 30 20 20 20 20 20 20 20 1C | SY000020       . |
 31 31 1C 31 32 31 34 1C 34 30 39 33 31 31 30 30 | 11.1214.40931100 |
 30 39 39 37 36 32 33 31 3D 32 33 31 30 32 30 31 | 09976231=2310201 |
 30 30 34 37 32 30 31 32 30 31 1C 30 30 30 32 30 | 0047201201.00020 |
 30 30 30 1C 30 30 30 30 30 37 30 30 1C 43 44 41 | 000.00000700.CDA |
 35 36 42 44 32 35 30 44 31 41 35 30 38 1C 1C 1C | 56BD250D1A508... |
 56 30 35 2E 30 30 2E 34 32 20 56 30 35 2E 37 30 | V05.00.42 V05.70 |
 2E 34 32 20 56 30 34 2E 30 32 2E 31 34 20 30 20 | .42 V04.02.14 0  |
 20 30 54 20 20 30 30 20 30 30 30 20 20 20 20 20 |  0T  00 000      |
 30 30 30 30 30 30 30 32 4B 30 37 35 36 30 30 36 | 00000002K0756006 |
 33 30 30 30 30 30 30 30 30 30 30 30 30 30 30 30 | 3000000000000000 |
 30 30 30 30 30 30 30 30 30 30 30 30 30 30 30 30 | 0000000000000000 |
 30 30 30 30 30 30 30 30 30 30 30 30 30 30 30 30 | 0000000000000000 |
 30 1C 75 64 39 46 30 36 30 37 41 30 30 30 30 30 | 0.ud9F0607A00000 |
 30 30 39 38 30 38 34 30 38 32 30 32 31 38 30 30 | 0098084082021800 |
 39 46 33 36 30 32 30 30 33 44 39 46 32 36 30 38 | 9F3602003D9F2608 |
 35 30 43 34 34 30 39 39 34 46 36 33 36 39 37 41 | 50C440994F63697A |
 39 46 32 37 30 31 38 30 39 46 31 30 30 37 30 36 | 9F2701809F100706 |
 30 31 30 41 30 33 41 30 32 30 30 30 39 35 30 35 | 010A03A020009505 |
 38 30 38 30 30 34 30 30 30 30 39 46 33 37 30 34 | 80800400009F3704 |
 41 46 32 43 35 39 31 34 35 46 33 34 30 31 30 30 | AF2C59145F340100 |
 39 46 31 41 30 32 30 38 34 30 35 46 32 41 30 32 | 9F1A0208405F2A02 |
 30 38 34 30 39 41 30 33 32 33 31 30 32 35 39 43 | 08409A032310259C |
 30 31 30 31 39 46 34 31 30 34 30 30 30 30 31 32 | 01019F4104000012 |
 31 35 39 46 31 45 30 38 33 30 33 30 33 30 33 30 | 159F1E0830303030 |
 33 30 33 30 33 30 33 31 39 46 33 33 30 33 36 30 | 303030319F330360 |
 34 30 30 30 39 46 33 35 30 31 31 34 38 45 31 32 | 40009F3501148E12 |
 30 30 30 30 30 30 30 30 30 30 30 30 30 30 30 30 | 0000000000000000 |
 30 32 30 31 30 30 30 34 30 32 30 35 34 32 30 30 | 0201000402054200 |
 31 46 30 30 39 46 33 34 30 33 30 32 30 31 30 30 | 1F009F3403020100 |
 39 46 33 39 30 31 30 35 39 42 30 32 36 30 30 30 | 9F3901059B026000 |
 35 46 32 34 30 33 32 33 31 30 33 31 39 46 30 32 | 5F24032310319F02 |
 30 36 30 30 30 30 30 30 30 32 30 30 30 30 39 46 | 060000000200009F |
 30 39 30 32 30 30 38 43 38 34 30 37 41 30 30 30 | 0902008C8407A000 |
 30 30 30 30 39 38 30 38 34 30 1C                | 0000980840.      |

- 07:28:48.17 IB Addr 700520001 Data Length 160 ----
 04 30 30 41 35 32 30 1C 53 59 30 30 30 30 32 30 | .00A520.SY000020 |
 20 20 20 20 20 20 20 1C 31 31 1C 31 32 31 34 1C |        .11.1214. |
 30 30 30 1C 30 30 30 34 35 38 38 38 1C 31 30 32 | 000.00045888.102 |
 35 32 33 1C 30 38 32 38 34 37 1C 31 30 32 35 32 | 523.082847.10252 |
 33 1C 30 34 33 37 38 30 33 30 1C 30 30 30 30 30 | 3.04378030.00000 |
 37 30 30 1C 65 30 30 30 30 30 34 33 37 38 30 33 | 700.e00000437803 |
 30 1C 75 64 38 41 30 32 33 30 33 30 39 31 30 41 | 0.ud8A023030910A |
 33 32 46 31 41 43 43 36 37 41 42 33 36 38 30 34 | 32F1ACC67AB36804 |
 33 30 33 30 1C 21 30 30 30 30 30 33 37 35 1C 75 | 3030.!00000375.u |
 61 31 30 32 35 32 33 1C 74 30 38 32 38 34 38 1C | a102523.t082848. |

- 07:28:48.54 OB Addr 8008 Data Length 157 ----
 02 30 1C 53 59 30 30 30 30 32 30 20 20 20 20 20 | .0.SY000020      |
 20 20 1C 31 31 1C 31 32 31 34 1C 30 30 30 1C 30 |   .11.1214.000.0 |
 30 30 34 35 38 38 38 1C 31 30 32 35 32 33 1C 30 | 0045888.102523.0 |
 38 32 38 34 37 1C 31 30 32 35 32 33 1C 30 34 33 | 82847.102523.043 |
 37 38 30 33 30 1C 30 30 30 30 30 37 30 30 1C 65 | 78030.00000700.e |
 30 30 30 30 30 34 33 37 38 30 33 30 1C 75 64 38 | 000004378030.ud8 |
 41 30 32 33 30 33 30 39 31 30 41 33 32 46 31 41 | A023030910A32F1A |
 43 43 36 37 41 42 33 36 38 30 34 33 30 33 30 1C | CC67AB368043030. |
 21 30 30 30 30 30 33 37 35 1C 75 61 31 30 32 35 | !00000375.ua1025 |
 32 33 1C 74 30 38 32 38 34 38 1C 03 11          | 23.t082848...    |

- 07:28:49.89 OB Disc Request Addr 8008 [(SY000020)(ERROR),err:0]

- 07:46:09.86 OB Addr 700520001 Data Length 152 ----
 82 83 32 35 45 45 63 08 53 59 30 30 30 30 32 30 | ..25EEc.SY000020 |
 53 59 30 30 30 30 32 30 20 20 20 20 20 20 20 1C | SY000020       . |
 36 30 1C 56 30 35 2E 30 30 2E 34 32 20 56 30 35 | 60.V05.00.42 V05 |
 2E 37 30 2E 34 32 20 56 30 34 2E 30 32 2E 31 34 | .70.42 V04.02.14 |
 20 30 20 20 30 54 20 20 30 30 20 30 30 30 20 20 |  0  0T  00 000   |
 20 20 20 30 30 30 30 30 30 30 32 4B 30 37 35 36 |    00000002K0756 |
 30 30 37 33 30 30 30 30 30 30 30 30 30 30 30 30 | 0073000000000000 |
 30 30 30 30 30 30 30 30 30 30 30 30 30 30 30 30 | 0000000000000000 |
 30 30 30 30 30 30 30 30 30 30 30 30 30 30 30 30 | 0000000000000000 |
 30 30 30 30 1C 5B 32 1C                         | 0000.[2.         |

- 07:46:10.00 IB Addr 700520001 Data Length 71 ----
 04 30 32 35 45 45 53 59 30 30 30 30 32 30 20 20 | .025EESY000020   |
 20 20 20 20 20 1C 36 30 1C 7E 30 37 43 32 31 31 |      .60.~07C211 |
 34 46 31 37 31 30 34 46 46 32 1C 21 30 30 30 30 | 4F17104FF2.!0000 |
 30 33 37 35 1C 7B 38 45 46 33 37 45 33 45 44 38 | 0375.{8EF37E3ED8 |
 41 34 45 46 36 34 1C                            | A4EF64.          |

- 07:46:10.38 OB Addr 8008 Data Length 68 ----
 02 53 59 30 30 30 30 32 30 20 20 20 20 20 20 20 | .SY000020        |
 1C 36 30 1C 7E 30 37 43 32 31 31 34 46 31 37 31 | .60.~07C2114F171 |
 30 34 46 46 32 1C 21 30 30 30 30 30 33 37 35 1C | 04FF2.!00000375. |
 7B 38 45 46 33 37 45 33 45 44 38 41 34 45 46 36 | {8EF37E3ED8A4EF6 |
 34 1C 03 15                                     | 4...             |

- 07:46:11.32 OB Disc Request Addr 8008 [(SY000020)(ERROR),err:0]

- 09:48:09.70 OB Addr 700520001 Data Length 152 ----
 82 83 30 36 30 43 63 08 53 59 30 30 30 30 32 30 | ..060Cc.SY000020 |
 53 59 30 30 30 30 32 30 20 20 20 20 20 20 20 1C | SY000020       . |
 36 30 1C 56 30 35 2E 30 30 2E 34 32 20 56 30 35 | 60.V05.00.42 V05 |
 2E 37 30 2E 34 32 20 56 30 34 2E 30 32 2E 31 34 | .70.42 V04.02.14 |
 20 30 20 20 30 54 20 20 30 30 20 30 30 30 20 20 |  0  0T  00 000   |
 20 20 20 30 30 30 30 30 30 30 32 4B 30 37 35 36 |    00000002K0756 |
 30 30 37 33 30 30 30 30 30 30 30 30 30 30 30 30 | 0073000000000000 |
 30 30 30 30 30 30 30 30 30 30 30 30 30 30 30 30 | 0000000000000000 |
 30 30 30 30 30 30 30 30 30 30 30 30 30 30 30 30 | 0000000000000000 |
 30 30 30 30 1C 5B 32 1C                         | 0000.[2.         |

- 09:48:09.84 IB Addr 700520001 Data Length 71 ----
 04 30 30 36 30 43 53 59 30 30 30 30 32 30 20 20 | .0060CSY000020   |
 20 20 20 20 20 1C 36 30 1C 7E 43 41 41 30 38 31 |      .60.~CAA081 |
 37 32 35 36 36 32 43 44 37 32 1C 21 30 30 30 30 | 725662CD72.!0000 |
 30 33 37 35 1C 7B 41 36 37 38 39 34 41 41 34 37 | 0375.{A67894AA47 |
 42 38 30 43 42 45 1C                            | B80CBE.          |

- 09:48:10.22 OB Addr 8008 Data Length 68 ----
 02 53 59 30 30 30 30 32 30 20 20 20 20 20 20 20 | .SY000020        |
 1C 36 30 1C 7E 43 41 41 30 38 31 37 32 35 36 36 | .60.~CAA08172566 |
 32 43 44 37 32 1C 21 30 30 30 30 30 33 37 35 1C | 2CD72.!00000375. |
 7B 41 36 37 38 39 34 41 41 34 37 42 38 30 43 42 | {A67894AA47B80CB |
 45 1C 03 16                                     | E...             |

- 09:48:11.08 OB Disc Request Addr 8008 [(SY000020)(ERROR),err:0]

- 11:50:08.38 OB Addr 700520001 Data Length 152 ----
 82 83 31 41 41 37 63 08 53 59 30 30 30 30 32 30 | ..1AA7c.SY000020 |
 53 59 30 30 30 30 32 30 20 20 20 20 20 20 20 1C | SY000020       . |
 36 30 1C 56 30 35 2E 30 30 2E 34 32 20 56 30 35 | 60.V05.00.42 V05 |
 2E 37 30 2E 34 32 20 56 30 34 2E 30 32 2E 31 34 | .70.42 V04.02.14 |
 20 30 20 20 30 54 20 20 30 30 20 30 30 30 20 20 |  0  0T  00 000   |
 20 20 20 30 30 30 30 30 30 30 32 4B 30 37 35 36 |    00000002K0756 |
 30 30 37 33 30 30 30 30 30 30 30 30 30 30 30 30 | 0073000000000000 |
 30 30 30 30 30 30 30 30 30 30 30 30 30 30 30 30 | 0000000000000000 |
 30 30 30 30 30 30 30 30 30 30 30 30 30 30 30 30 | 0000000000000000 |
 30 30 30 30 1C 5B 32 1C                         | 0000.[2.         |

- 11:50:08.47 IB Addr 700520001 Data Length 71 ----
 04 30 31 41 41 37 53 59 30 30 30 30 32 30 20 20 | .01AA7SY000020   |
 20 20 20 20 20 1C 36 30 1C 7E 39 42 37 41 37 44 |      .60.~9B7A7D |
 39 42 32 44 31 32 45 38 38 45 1C 21 30 30 30 30 | 9B2D12E88E.!0000 |
 30 33 37 35 1C 7B 44 31 44 32 42 42 45 44 32 32 | 0375.{D1D2BBED22 |
 44 39 46 33 43 31 1C                            | D9F3C1.          |

- 11:50:08.89 OB Addr 8008 Data Length 68 ----
 02 53 59 30 30 30 30 32 30 20 20 20 20 20 20 20 | .SY000020        |
 1C 36 30 1C 7E 39 42 37 41 37 44 39 42 32 44 31 | .60.~9B7A7D9B2D1 |
 32 45 38 38 45 1C 21 30 30 30 30 30 33 37 35 1C | 2E88E.!00000375. |
 7B 44 31 44 32 42 42 45 44 32 32 44 39 46 33 43 | {D1D2BBED22D9F3C |
 31 1C 03 1C                                     | 1...             |

- 11:50:10.38 OB Disc Request Addr 8008 [(SY000020)(ERROR),err:0]

- 13:52:09.15 OB Addr 700520001 Data Length 152 ----
 82 83 31 45 41 42 63 08 53 59 30 30 30 30 32 30 | ..1EABc.SY000020 |
 53 59 30 30 30 30 32 30 20 20 20 20 20 20 20 1C | SY000020       . |
 36 30 1C 56 30 35 2E 30 30 2E 34 32 20 56 30 35 | 60.V05.00.42 V05 |
 2E 37 30 2E 34 32 20 56 30 34 2E 30 32 2E 31 34 | .70.42 V04.02.14 |
 20 30 20 20 30 54 20 20 30 30 20 30 30 30 20 20 |  0  0T  00 000   |
 20 20 20 30 30 30 30 30 30 30 32 4B 30 37 35 36 |    00000002K0756 |
 30 30 37 33 30 30 30 30 30 30 30 30 30 30 30 30 | 0073000000000000 |
 30 30 30 30 30 30 30 30 30 30 30 30 30 30 30 30 | 0000000000000000 |
 30 30 30 30 30 30 30 30 30 30 30 30 30 30 30 30 | 0000000000000000 |
 30 30 30 30 1C 5B 32 1C                         | 0000.[2.         |

- 13:52:09.27 IB Addr 700520001 Data Length 71 ----
 04 30 31 45 41 42 53 59 30 30 30 30 32 30 20 20 | .01EABSY000020   |
 20 20 20 20 20 1C 36 30 1C 7E 41 44 46 31 46 45 |      .60.~ADF1FE |
 39 45 39 45 46 32 44 30 38 33 1C 21 30 30 30 30 | 9E9EF2D083.!0000 |
 30 33 37 35 1C 7B 33 34 32 45 43 30 45 38 41 39 | 0375.{342EC0E8A9 |
 41 46 39 42 35 46 1C                            | AF9B5F.          |

- 13:52:09.66 OB Addr 8008 Data Length 68 ----
 02 53 59 30 30 30 30 32 30 20 20 20 20 20 20 20 | .SY000020        |
 1C 36 30 1C 7E 41 44 46 31 46 45 39 45 39 45 46 | .60.~ADF1FE9E9EF |
 32 44 30 38 33 1C 21 30 30 30 30 30 33 37 35 1C | 2D083.!00000375. |
 7B 33 34 32 45 43 30 45 38 41 39 41 46 39 42 35 | {342EC0E8A9AF9B5 |
 46 1C 03 67                                     | F..g             |

- 13:52:10.51 OB Disc Request Addr 8008 [(SY000020)(ERROR),err:0]

- 14:05:39.03 OB Addr 700520001 Data Length 570 ----
 82 83 31 45 43 37 63 08 53 59 30 30 30 30 32 30 | ..1EC7c.SY000020 |
 53 59 30 30 30 30 32 30 20 20 20 20 20 20 20 1C | SY000020       . |
 31 31 1C 31 32 31 35 1C 34 35 39 39 35 34 30 37 | 11.1215.45995407 |
 33 33 31 39 39 33 35 34 3D 32 36 31 32 32 30 31 | 33199354=2612201 |
 31 34 32 30 30 1C 30 30 30 31 30 30 30 30 1C 30 | 14200.00010000.0 |
 30 30 30 30 33 37 35 1C 32 45 38 41 45 39 34 30 | 0000375.2E8AE940 |
 42 31 45 41 36 43 46 37 1C 1C 1C 56 30 35 2E 30 | B1EA6CF7...V05.0 |
 30 2E 34 32 20 56 30 35 2E 37 30 2E 34 32 20 56 | 0.42 V05.70.42 V |
 30 34 2E 30 32 2E 31 34 20 30 20 20 30 54 20 20 | 04.02.14 0  0T   |
 30 30 20 30 30 30 20 20 20 20 20 30 30 30 30 30 | 00 000     00000 |
 30 30 32 4B 30 37 35 36 30 30 37 33 30 30 30 30 | 002K075600730000 |
 30 30 30 30 30 30 30 30 30 30 30 30 30 30 30 30 | 0000000000000000 |
 30 30 30 30 30 30 30 30 30 30 30 30 30 30 30 30 | 0000000000000000 |
 30 30 30 30 30 30 30 30 30 30 30 30 1C 75 64 39 | 000000000000.ud9 |
 46 30 36 30 37 41 30 30 30 30 30 30 30 39 38 30 | F0607A0000000980 |
 38 34 30 38 32 30 32 31 38 30 30 39 46 33 36 30 | 840820218009F360 |
 32 30 31 41 38 39 46 32 36 30 38 32 32 41 37 33 | 201A89F260822A73 |
 30 34 43 30 43 39 46 37 44 45 41 39 46 32 37 30 | 04C0C9F7DEA9F270 |
 31 38 30 39 46 31 30 30 37 30 36 30 31 31 32 30 | 1809F10070601120 |
 33 41 30 41 30 30 30 39 35 30 35 38 30 38 30 30 | 3A0A000950580800 |
 34 30 30 30 30 39 46 33 37 30 34 42 45 44 39 39 | 400009F3704BED99 |
 30 34 37 35 46 33 34 30 31 30 30 39 46 31 41 30 | 0475F3401009F1A0 |
 32 30 38 34 30 35 46 32 41 30 32 30 38 34 30 39 | 208405F2A0208409 |
 41 30 33 32 33 31 30 32 35 39 43 30 31 30 31 39 | A032310259C01019 |
 46 34 31 30 34 30 30 30 30 31 32 31 36 39 46 31 | F4104000012169F1 |
 45 30 38 33 30 33 30 33 30 33 30 33 30 33 30 33 | E083030303030303 |
 30 33 31 39 46 33 33 30 33 36 30 34 30 30 30 39 | 0319F33036040009 |
 46 33 35 30 31 31 34 38 45 31 34 30 30 30 30 30 | F3501148E1400000 |
 30 30 30 30 30 30 30 30 30 30 30 30 32 30 31 30 | 0000000000002010 |
 30 30 34 30 32 30 35 34 32 30 30 34 31 30 30 31 | 0040205420041001 |
 46 30 30 39 46 33 34 30 33 30 32 30 31 30 30 39 | F009F34030201009 |
 46 33 39 30 31 30 35 39 42 30 32 36 30 30 30 35 | F3901059B0260005 |
 46 32 34 30 33 32 36 31 32 33 31 39 46 30 32 30 | F24032612319F020 |
 36 30 30 30 30 30 30 30 31 30 30 30 30 39 46 30 | 60000000100009F0 |
 39 30 32 30 30 38 43 38 34 30 37 41 30 30 30 30 | 902008C8407A0000 |
 30 30 30 39 38 30 38 34 30 1C                   | 000980840.       |

- 14:05:39.78 IB Addr 700520001 Data Length 156 ----
 04 30 31 45 43 37 30 1C 53 59 30 30 30 30 32 30 | .01EC70.SY000020 |
 20 20 20 20 20 20 20 1C 31 31 1C 31 32 31 35 1C |        .11.1215. |
 30 30 30 1C 30 30 32 31 33 37 37 37 1C 31 30 32 | 000.00213777.102 |
 35 32 33 1C 31 35 30 35 33 39 1C 31 30 32 36 32 | 523.150539.10262 |
 33 1C 30 30 35 35 39 35 35 39 1C 30 30 30 30 30 | 3.00559559.00000 |
 33 37 35 1C 65 30 30 30 30 30 30 35 35 39 35 35 | 375.e00000055955 |
 39 1C 75 64 38 41 30 32 33 30 33 30 39 31 30 38 | 9.ud8A0230309108 |
 31 33 31 39 32 46 36 43 30 30 38 32 30 30 30 30 | 13192F6C00820000 |
 1C 21 30 30 30 30 30 33 37 35 1C 75 61 31 30 32 | .!00000375.ua102 |
 35 32 33 1C 74 31 35 30 35 33 39 1C             | 523.t150539.     |

- 14:05:40.06 OB Addr 8008 Data Length 153 ----
 02 30 1C 53 59 30 30 30 30 32 30 20 20 20 20 20 | .0.SY000020      |
 20 20 1C 31 31 1C 31 32 31 35 1C 30 30 30 1C 30 |   .11.1215.000.0 |
 30 32 31 33 37 37 37 1C 31 30 32 35 32 33 1C 31 | 0213777.102523.1 |
 35 30 35 33 39 1C 31 30 32 36 32 33 1C 30 30 35 | 50539.102623.005 |
 35 39 35 35 39 1C 30 30 30 30 30 33 37 35 1C 65 | 59559.00000375.e |
 30 30 30 30 30 30 35 35 39 35 35 39 1C 75 64 38 | 000000559559.ud8 |
 41 30 32 33 30 33 30 39 31 30 38 31 33 31 39 32 | A023030910813192 |
 46 36 43 30 30 38 32 30 30 30 30 1C 21 30 30 30 | F6C00820000.!000 |
 30 30 33 37 35 1C 75 61 31 30 32 35 32 33 1C 74 | 00375.ua102523.t |
 31 35 30 35 33 39 1C 03 60                      | 150539..`        |

- 14:05:41.00 OB Disc Request Addr 8008 [(SY000020)(ERROR),err:0]

- 15:11:30.96 OB Addr 700520001 Data Length 574 ----
 82 83 30 33 35 45 63 08 53 59 30 30 30 30 32 30 | ..035Ec.SY000020 |
 53 59 30 30 30 30 32 30 20 20 20 20 20 20 20 1C | SY000020       . |
 33 31 1C 31 32 31 36 1C 34 31 31 37 37 33 37 30 | 31.1216.41177370 |
 33 34 39 34 31 39 39 36 3D 32 38 30 39 32 30 31 | 34941996=2809201 |
 30 30 30 30 30 35 31 36 30 30 30 32 32 1C 30 30 | 0000051600022.00 |
 30 30 30 30 30 30 1C 30 30 30 30 30 30 30 30 1C | 000000.00000000. |
 34 38 30 38 39 30 30 35 34 33 36 31 33 42 41 44 | 4808900543613BAD |
 1C 1C 1C 56 30 35 2E 30 30 2E 34 32 20 56 30 35 | ...V05.00.42 V05 |
 2E 37 30 2E 34 32 20 56 30 34 2E 30 32 2E 31 34 | .70.42 V04.02.14 |
 20 30 20 20 30 54 20 20 30 30 20 30 30 30 20 20 |  0  0T  00 000   |
 20 20 20 30 30 30 30 30 30 30 32 4B 30 37 35 36 |    00000002K0756 |
 30 30 37 38 30 30 30 30 30 30 30 30 30 30 30 30 | 0078000000000000 |
 30 30 30 30 30 30 30 30 30 30 30 30 30 30 30 30 | 0000000000000000 |
 30 30 30 30 30 30 30 30 30 30 30 30 30 30 30 30 | 0000000000000000 |
 30 30 30 30 1C 75 64 39 46 30 36 30 37 41 30 30 | 0000.ud9F0607A00 |
 30 30 30 30 30 39 38 30 38 34 30 38 32 30 32 31 | 0000098084082021 |
 38 30 30 39 46 33 36 30 32 30 30 33 43 39 46 32 | 8009F3602003C9F2 |
 36 30 38 42 39 39 34 35 32 35 37 37 39 33 42 43 | 608B9945257793BC |
 32 46 35 39 46 32 37 30 31 38 30 39 46 31 30 30 | 2F59F2701809F100 |
 37 30 36 30 32 31 32 30 33 41 30 38 30 30 30 39 | 706021203A080009 |
 35 30 35 38 30 38 30 30 34 30 30 30 30 39 46 33 | 50580800400009F3 |
 37 30 34 30 37 30 32 36 37 41 39 35 46 33 34 30 | 704070267A95F340 |
 31 30 30 39 46 31 41 30 32 30 38 34 30 35 46 32 | 1009F1A0208405F2 |
 41 30 32 30 38 34 30 39 41 30 33 32 33 31 30 32 | A0208409A0323102 |
 35 39 43 30 31 33 30 39 46 34 31 30 34 30 30 30 | 59C01309F4104000 |
 30 31 32 31 37 39 46 31 45 30 38 33 30 33 30 33 | 012179F1E0830303 |
 30 33 30 33 30 33 30 33 30 33 31 39 46 33 33 30 | 030303030319F330 |
 33 36 30 34 30 30 30 39 46 33 35 30 31 31 34 38 | 36040009F3501148 |
 45 31 32 30 30 30 30 30 30 30 30 30 30 30 30 30 | E120000000000000 |
 30 30 30 30 32 30 31 30 30 30 34 30 32 30 35 34 | 0000201000402054 |
 32 30 30 31 46 30 30 39 46 33 34 30 33 30 32 30 | 2001F009F3403020 |
 31 30 30 39 46 33 39 30 31 30 35 39 42 30 32 36 | 1009F3901059B026 |
 30 30 30 35 46 32 34 30 33 32 38 30 39 33 30 39 | 0005F24032809309 |
 46 30 32 30 36 30 30 30 30 30 30 30 30 30 30 30 | F020600000000000 |
 30 39 46 30 39 30 32 30 30 38 43 38 34 30 37 41 | 09F0902008C8407A |
 30 30 30 30 30 30 30 39 38 30 38 34 30 1C       | 0000000980840.   |

- 15:11:31.71 IB Addr 700520001 Data Length 160 ----
 04 30 30 33 35 45 30 1C 53 59 30 30 30 30 32 30 | .0035E0.SY000020 |
 20 20 20 20 20 20 20 1C 33 31 1C 31 32 31 36 1C |        .31.1216. |
 30 30 30 1C 30 30 32 33 33 32 34 38 1C 31 30 32 | 000.00233248.102 |
 35 32 33 1C 31 36 31 31 33 31 1C 31 30 32 36 32 | 523.161131.10262 |
 33 1C 30 30 31 30 37 33 34 35 1C 30 30 30 30 30 | 3.00107345.00000 |
 30 30 30 1C 65 30 30 30 30 30 30 31 30 37 33 34 | 000.e00000010734 |
 35 1C 75 64 38 41 30 32 33 30 33 30 39 31 30 41 | 5.ud8A023030910A |
 30 37 45 38 37 44 42 43 30 30 38 30 30 30 30 30 | 07E87DBC00800000 |
 30 30 30 30 1C 21 30 30 30 30 30 33 37 35 1C 75 | 0000.!00000375.u |
 61 31 30 32 35 32 33 1C 74 31 36 31 31 33 31 1C | a102523.t161131. |

- 15:11:31.99 OB Addr 8008 Data Length 157 ----
 02 30 1C 53 59 30 30 30 30 32 30 20 20 20 20 20 | .0.SY000020      |
 20 20 1C 33 31 1C 31 32 31 36 1C 30 30 30 1C 30 |   .31.1216.000.0 |
 30 32 33 33 32 34 38 1C 31 30 32 35 32 33 1C 31 | 0233248.102523.1 |
 36 31 31 33 31 1C 31 30 32 36 32 33 1C 30 30 31 | 61131.102623.001 |
 30 37 33 34 35 1C 30 30 30 30 30 30 30 30 1C 65 | 07345.00000000.e |
 30 30 30 30 30 30 31 30 37 33 34 35 1C 75 64 38 | 000000107345.ud8 |
 41 30 32 33 30 33 30 39 31 30 41 30 37 45 38 37 | A023030910A07E87 |
 44 42 43 30 30 38 30 30 30 30 30 30 30 30 30 1C | DBC008000000000. |
 21 30 30 30 30 30 33 37 35 1C 75 61 31 30 32 35 | !00000375.ua1025 |
 32 33 1C 74 31 36 31 31 33 31 1C 03 13          | 23.t161131...    |

- 15:11:33.29 OB Disc Request Addr 8008 [(SY000020)(ERROR),err:0]

- 15:12:05.49 OB Addr 700520001 Data Length 574 ----
 82 83 30 33 44 37 63 08 53 59 30 30 30 30 32 30 | ..03D7c.SY000020 |
 53 59 30 30 30 30 32 30 20 20 20 20 20 20 20 1C | SY000020       . |
 31 31 1C 31 32 31 37 1C 34 31 31 37 37 33 37 30 | 11.1217.41177370 |
 33 34 39 34 31 39 39 36 3D 32 38 30 39 32 30 31 | 34941996=2809201 |
 30 30 30 30 30 35 31 36 30 30 30 32 32 1C 30 30 | 0000051600022.00 |
 30 35 30 30 30 30 1C 30 30 30 30 31 37 35 30 1C | 050000.00001750. |
 34 38 30 38 39 30 30 35 34 33 36 31 33 42 41 44 | 4808900543613BAD |
 1C 1C 1C 56 30 35 2E 30 30 2E 34 32 20 56 30 35 | ...V05.00.42 V05 |
 2E 37 30 2E 34 32 20 56 30 34 2E 30 32 2E 31 34 | .70.42 V04.02.14 |
 20 30 20 20 30 54 20 20 30 30 20 30 30 30 20 20 |  0  0T  00 000   |
 20 20 20 30 30 30 30 30 30 30 32 4B 30 37 35 36 |    00000002K0756 |
 30 30 37 38 30 30 30 30 30 30 30 30 30 30 30 30 | 0078000000000000 |
 30 30 30 30 30 30 30 30 30 30 30 30 30 30 30 30 | 0000000000000000 |
 30 30 30 30 30 30 30 30 30 30 30 30 30 30 30 30 | 0000000000000000 |
 30 30 30 30 1C 75 64 39 46 30 36 30 37 41 30 30 | 0000.ud9F0607A00 |
 30 30 30 30 30 39 38 30 38 34 30 38 32 30 32 31 | 0000098084082021 |
 38 30 30 39 46 33 36 30 32 30 30 33 44 39 46 32 | 8009F3602003D9F2 |
 36 30 38 41 42 38 39 42 32 42 31 39 36 31 30 45 | 608AB89B2B19610E |
 43 42 31 39 46 32 37 30 31 38 30 39 46 31 30 30 | CB19F2701809F100 |
 37 30 36 30 32 31 32 30 33 41 30 30 30 30 30 39 | 706021203A000009 |
 35 30 35 38 30 38 30 30 34 30 30 30 30 39 46 33 | 50580800400009F3 |
 37 30 34 37 41 38 34 43 35 39 31 35 46 33 34 30 | 7047A84C5915F340 |
 31 30 30 39 46 31 41 30 32 30 38 34 30 35 46 32 | 1009F1A0208405F2 |
 41 30 32 30 38 34 30 39 41 30 33 32 33 31 30 32 | A0208409A0323102 |
 35 39 43 30 31 30 31 39 46 34 31 30 34 30 30 30 | 59C01019F4104000 |
 30 31 32 31 38 39 46 31 45 30 38 33 30 33 30 33 | 012189F1E0830303 |
 30 33 30 33 30 33 30 33 30 33 31 39 46 33 33 30 | 030303030319F330 |
 33 36 30 34 30 30 30 39 46 33 35 30 31 31 34 38 | 36040009F3501148 |
 45 31 32 30 30 30 30 30 30 30 30 30 30 30 30 30 | E120000000000000 |
 30 30 30 30 32 30 31 30 30 30 34 30 32 30 35 34 | 0000201000402054 |
 32 30 30 31 46 30 30 39 46 33 34 30 33 30 32 30 | 2001F009F3403020 |
 31 30 30 39 46 33 39 30 31 30 35 39 42 30 32 36 | 1009F3901059B026 |
 30 30 30 35 46 32 34 30 33 32 38 30 39 33 30 39 | 0005F24032809309 |
 46 30 32 30 36 30 30 30 30 30 30 30 35 30 30 30 | F020600000005000 |
 30 39 46 30 39 30 32 30 30 38 43 38 34 30 37 41 | 09F0902008C8407A |
 30 30 30 30 30 30 30 39 38 30 38 34 30 1C       | 0000000980840.   |

- 15:12:06.06 IB Addr 700520001 Data Length 160 ----
 04 30 30 33 44 37 30 1C 53 59 30 30 30 30 32 30 | .003D70.SY000020 |
 20 20 20 20 20 20 20 1C 31 31 1C 31 32 31 37 1C |        .11.1217. |
 30 30 30 1C 30 30 31 38 31 35 32 32 1C 31 30 32 | 000.00181522.102 |
 35 32 33 1C 31 36 31 32 30 35 1C 31 30 32 36 32 | 523.161205.10262 |
 33 1C 30 30 30 35 35 35 39 35 1C 30 30 30 30 31 | 3.00055595.00001 |
 37 35 30 1C 65 30 30 30 30 30 30 30 35 35 35 39 | 750.e00000005559 |
 35 1C 75 64 38 41 30 32 33 30 33 30 39 31 30 41 | 5.ud8A023030910A |
 32 37 31 32 42 38 35 33 30 30 38 30 30 30 30 30 | 2712B85300800000 |
 30 30 30 30 1C 21 30 30 30 30 30 33 37 35 1C 75 | 0000.!00000375.u |
 61 31 30 32 35 32 33 1C 74 31 36 31 32 30 36 1C | a102523.t161206. |

- 15:12:06.52 OB Addr 8008 Data Length 157 ----
 02 30 1C 53 59 30 30 30 30 32 30 20 20 20 20 20 | .0.SY000020      |
 20 20 1C 31 31 1C 31 32 31 37 1C 30 30 30 1C 30 |   .11.1217.000.0 |
 30 31 38 31 35 32 32 1C 31 30 32 35 32 33 1C 31 | 0181522.102523.1 |
 36 31 32 30 35 1C 31 30 32 36 32 33 1C 30 30 30 | 61205.102623.000 |
 35 35 35 39 35 1C 30 30 30 30 31 37 35 30 1C 65 | 55595.00001750.e |
 30 30 30 30 30 30 30 35 35 35 39 35 1C 75 64 38 | 000000055595.ud8 |
 41 30 32 33 30 33 30 39 31 30 41 32 37 31 32 42 | A023030910A2712B |
 38 35 33 30 30 38 30 30 30 30 30 30 30 30 30 1C | 853008000000000. |
 21 30 30 30 30 30 33 37 35 1C 75 61 31 30 32 35 | !00000375.ua1025 |
 32 33 1C 74 31 36 31 32 30 36 1C 03 63          | 23.t161206..c    |

- 15:12:07.79 OB Disc Request Addr 8008 [(SY000020)(ERROR),err:0]

- 15:52:47.09 OB Addr 700520001 Data Length 152 ----
 82 83 30 43 36 38 63 08 53 59 30 30 30 30 32 30 | ..0C68c.SY000020 |
 53 59 30 30 30 30 32 30 20 20 20 20 20 20 20 1C | SY000020       . |
 36 30 1C 56 30 35 2E 30 30 2E 34 32 20 56 30 35 | 60.V05.00.42 V05 |
 2E 37 30 2E 34 32 20 56 30 34 2E 30 32 2E 31 34 | .70.42 V04.02.14 |
 20 30 20 20 30 54 20 20 30 30 20 30 30 30 20 20 |  0  0T  00 000   |
 20 20 20 30 30 30 30 30 30 30 32 4B 30 37 35 36 |    00000002K0756 |
 30 31 30 33 30 30 30 30 30 30 30 30 30 30 30 30 | 0103000000000000 |
 30 30 30 30 30 30 30 30 30 30 30 30 30 30 30 30 | 0000000000000000 |
 30 30 30 30 30 30 30 30 30 30 30 30 30 30 30 30 | 0000000000000000 |
 30 30 30 30 1C 5B 32 1C                         | 0000.[2.         |

- 15:52:47.21 IB Addr 700520001 Data Length 71 ----
 04 30 30 43 36 38 53 59 30 30 30 30 32 30 20 20 | .00C68SY000020   |
 20 20 20 20 20 1C 36 30 1C 7E 35 35 30 41 33 36 |      .60.~550A36 |
 35 37 44 31 39 31 36 42 41 45 1C 21 30 30 30 30 | 57D1916BAE.!0000 |
 30 33 37 35 1C 7B 31 46 30 37 41 31 38 32 42 36 | 0375.{1F07A182B6 |
 46 42 43 37 30 41 1C                            | FBC70A.          |

- 15:52:47.61 OB Addr 8008 Data Length 68 ----
 02 53 59 30 30 30 30 32 30 20 20 20 20 20 20 20 | .SY000020        |
 1C 36 30 1C 7E 35 35 30 41 33 36 35 37 44 31 39 | .60.~550A3657D19 |
 31 36 42 41 45 1C 21 30 30 30 30 30 33 37 35 1C | 16BAE.!00000375. |
 7B 31 46 30 37 41 31 38 32 42 36 46 42 43 37 30 | {1F07A182B6FBC70 |
 41 1C 03 10                                     | A...             |

- 15:52:49.03 OB Disc Request Addr 8008 [(SY000020)(ERROR),err:0]

- 16:07:37.19 OB Addr 700520001 Data Length 588 ----
 82 83 31 46 42 32 63 08 53 59 30 30 30 30 32 30 | ..1FB2c.SY000020 |
 53 59 30 30 30 30 32 30 20 20 20 20 20 20 20 1C | SY000020       . |
 31 31 1C 31 32 31 38 1C 35 31 30 38 30 35 30 32 | 11.1218.51080502 |
 36 38 36 32 37 30 38 35 3D 32 37 30 38 32 30 31 | 68627085=2708201 |
 30 37 31 30 32 35 35 31 30 30 30 30 30 1C 30 30 | 0710255100000.00 |
 30 30 36 30 30 30 1C 30 30 30 30 30 33 37 35 1C | 006000.00000375. |
 31 44 32 44 41 46 38 45 32 35 30 42 43 39 33 42 | 1D2DAF8E250BC93B |
 1C 1C 1C 56 30 35 2E 30 30 2E 34 32 20 56 30 35 | ...V05.00.42 V05 |
 2E 37 30 2E 34 32 20 56 30 34 2E 30 32 2E 31 34 | .70.42 V04.02.14 |
 20 30 20 20 30 54 20 20 30 30 20 30 30 30 20 20 |  0  0T  00 000   |
 20 20 20 30 30 30 30 30 30 30 32 4B 30 37 35 36 |    00000002K0756 |
 30 31 30 33 30 30 30 30 30 30 30 30 30 30 30 30 | 0103000000000000 |
 30 30 30 30 30 30 30 30 30 30 30 30 30 30 30 30 | 0000000000000000 |
 30 30 30 30 30 30 30 30 30 30 30 30 30 30 30 30 | 0000000000000000 |
 30 30 30 30 1C 75 64 39 46 30 36 30 37 41 30 30 | 0000.ud9F0607A00 |
 30 30 30 30 30 30 34 32 32 30 33 38 32 30 32 31 | 0000004220382021 |
 38 30 30 39 46 33 36 30 32 30 30 30 44 39 46 32 | 8009F3602000D9F2 |
 36 30 38 46 45 43 37 43 43 35 31 33 45 30 38 32 | 608FEC7CC513E082 |
 44 44 33 39 46 32 37 30 31 38 30 39 46 31 30 31 | DD39F2701809F101 |
 32 30 31 31 30 41 30 30 30 30 31 32 32 30 30 30 | 20110A0000122000 |
 30 30 30 30 30 30 30 30 30 30 30 30 30 30 30 30 | 0000000000000000 |
 30 30 30 46 46 39 35 30 35 38 30 30 30 30 34 30 | 000FF95058000040 |
 30 30 30 39 46 33 37 30 34 36 41 43 35 33 33 39 | 0009F37046AC5339 |
 38 35 46 33 34 30 31 30 30 39 46 31 41 30 32 30 | 85F3401009F1A020 |
 38 34 30 35 46 32 41 30 32 30 38 34 30 39 41 30 | 8405F2A0208409A0 |
 33 32 33 31 30 32 35 39 43 30 31 30 31 39 46 34 | 32310259C01019F4 |
 31 30 34 30 30 30 30 31 32 31 39 39 46 31 45 30 | 104000012199F1E0 |
 38 33 30 33 30 33 30 33 30 33 30 33 30 33 30 33 | 8303030303030303 |
 31 39 46 33 33 30 33 36 30 34 30 30 30 39 46 33 | 19F33036040009F3 |
 35 30 31 31 34 38 45 30 45 30 30 30 30 30 30 30 | 501148E0E0000000 |
 30 30 30 30 30 30 30 30 30 30 32 30 35 34 32 30 | 0000000000205420 |
 33 31 46 30 33 39 46 33 34 30 33 34 32 30 33 30 | 31F039F340342030 |
 30 39 46 33 39 30 31 30 35 39 42 30 32 36 30 30 | 09F3901059B02600 |
 30 35 46 32 34 30 33 32 37 30 38 33 31 39 46 30 | 05F24032708319F0 |
 32 30 36 30 30 30 30 30 30 30 30 36 30 30 30 39 | 2060000000060009 |
 46 30 39 30 32 30 30 30 32 38 34 30 37 41 30 30 | F090200028407A00 |
 30 30 30 30 30 30 34 32 32 30 33 1C             | 00000042203.     |

- 16:08:02.35 IB Addr 700520001 Data Length 122 ----
 04 30 31 46 42 32 30 1C 53 59 30 30 30 30 32 30 | .01FB20.SY000020 |
 20 20 20 20 20 20 20 1C 31 31 1C 31 32 31 38 1C |        .11.1218. |
 30 30 35 1C 30 30 32 35 31 38 30 30 1C 31 30 32 | 005.00251800.102 |
 35 32 33 1C 31 37 30 37 33 37 1C 31 30 32 36 32 | 523.170737.10262 |
 33 1C 20 20 20 20 20 20 20 20 1C 30 30 30 30 30 | 3.        .00000 |
 30 30 30 1C 75 64 38 41 30 32 33 30 33 31 1C 21 | 000.ud8A023031.! |
 30 30 30 30 30 33 37 35 1C 75 61 31 30 32 35 32 | 00000375.ua10252 |
 33 1C 74 31 37 30 38 30 32 1C                   | 3.t170802.       |

- 16:08:02.45 OB Addr 8008 Data Length 119 ----
 02 30 1C 53 59 30 30 30 30 32 30 20 20 20 20 20 | .0.SY000020      |
 20 20 1C 31 31 1C 31 32 31 38 1C 30 30 35 1C 30 |   .11.1218.005.0 |
 30 32 35 31 38 30 30 1C 31 30 32 35 32 33 1C 31 | 0251800.102523.1 |
 37 30 37 33 37 1C 31 30 32 36 32 33 1C 20 20 20 | 70737.102623.    |
 20 20 20 20 20 1C 30 30 30 30 30 30 30 30 1C 75 |      .00000000.u |
 64 38 41 30 32 33 30 33 31 1C 21 30 30 30 30 30 | d8A023031.!00000 |
 33 37 35 1C 75 61 31 30 32 35 32 33 1C 74 31 37 | 375.ua102523.t17 |
 30 38 30 32 1C 03 10                            | 0802...          |

- 16:08:03.38 OB Disc Request Addr 8008 [(SY000020)(ERROR),err:0]

- 17:54:28.98 OB Addr 700520001 Data Length 152 ----
 82 83 32 35 32 44 63 08 53 59 30 30 30 30 32 30 | ..252Dc.SY000020 |
 53 59 30 30 30 30 32 30 20 20 20 20 20 20 20 1C | SY000020       . |
 36 30 1C 56 30 35 2E 30 30 2E 34 32 20 56 30 35 | 60.V05.00.42 V05 |
 2E 37 30 2E 34 32 20 56 30 34 2E 30 32 2E 31 34 | .70.42 V04.02.14 |
 20 30 20 20 30 54 20 20 30 30 20 30 30 30 20 20 |  0  0T  00 000   |
 20 20 20 30 30 30 30 30 30 30 32 4B 30 37 35 36 |    00000002K0756 |
 30 31 30 33 30 30 30 30 30 30 30 30 30 30 30 30 | 0103000000000000 |
 30 30 30 30 30 30 30 30 30 30 30 30 30 30 30 30 | 0000000000000000 |
 30 30 30 30 30 30 30 30 30 30 30 30 30 30 30 30 | 0000000000000000 |
 30 30 30 30 1C 5B 32 1C                         | 0000.[2.         |

- 17:54:29.07 IB Addr 700520001 Data Length 71 ----
 04 30 32 35 32 44 53 59 30 30 30 30 32 30 20 20 | .0252DSY000020   |
 20 20 20 20 20 1C 36 30 1C 7E 44 44 41 31 42 43 |      .60.~DDA1BC |
 31 42 37 45 37 45 39 36 41 46 1C 21 30 30 30 30 | 1B7E7E96AF.!0000 |
 30 33 37 35 1C 7B 36 44 34 41 33 44 42 31 43 39 | 0375.{6D4A3DB1C9 |
 44 39 30 42 34 30 1C                            | D90B40.          |

- 17:54:29.50 OB Addr 8008 Data Length 68 ----
 02 53 59 30 30 30 30 32 30 20 20 20 20 20 20 20 | .SY000020        |
 1C 36 30 1C 7E 44 44 41 31 42 43 31 42 37 45 37 | .60.~DDA1BC1B7E7 |
 45 39 36 41 46 1C 21 30 30 30 30 30 33 37 35 1C | E96AF.!00000375. |
 7B 36 44 34 41 33 44 42 31 43 39 44 39 30 42 34 | {6D4A3DB1C9D90B4 |
 30 1C 03 6C                                     | 0..l             |

- 17:54:30.73 OB Disc Request Addr 8008 [(SY000020)(ERROR),err:0]

- 18:13:32.67 OB Addr 700520001 Data Length 570 ----
 82 83 31 31 39 36 63 08 53 59 30 30 30 30 32 30 | ..1196c.SY000020 |
 53 59 30 30 30 30 32 30 20 20 20 20 20 20 20 1C | SY000020       . |
 33 31 1C 31 32 31 39 1C 34 34 33 30 34 35 30 30 | 31.1219.44304500 |
 36 39 31 30 36 34 32 34 3D 32 35 30 35 32 30 31 | 69106424=2505201 |
 31 30 31 30 30 31 35 30 31 1C 30 30 30 30 30 30 | 101001501.000000 |
 30 30 1C 30 30 30 30 30 30 30 30 1C 38 34 36 41 | 00.00000000.846A |
 36 35 42 45 36 45 39 43 33 31 44 43 1C 1C 1C 56 | 65BE6E9C31DC...V |
 30 35 2E 30 30 2E 34 32 20 56 30 35 2E 37 30 2E | 05.00.42 V05.70. |
 34 32 20 56 30 34 2E 30 32 2E 31 34 20 30 20 20 | 42 V04.02.14 0   |
 30 54 20 20 30 30 20 30 30 30 20 20 20 20 20 30 | 0T  00 000     0 |
 30 30 30 30 30 30 32 4B 30 37 35 36 30 31 30 33 | 0000002K07560103 |
 30 30 30 30 30 30 30 30 30 30 30 30 30 30 30 30 | 0000000000000000 |
 30 30 30 30 30 30 30 30 30 30 30 30 30 30 30 30 | 0000000000000000 |
 30 30 30 30 30 30 30 30 30 30 30 30 30 30 30 30 | 0000000000000000 |
 1C 75 64 39 46 30 36 30 37 41 30 30 30 30 30 30 | .ud9F0607A000000 |
 30 39 38 30 38 34 30 38 32 30 32 31 38 30 30 39 | 0980840820218009 |
 46 33 36 30 32 30 31 30 31 39 46 32 36 30 38 36 | F360201019F26086 |
 35 46 39 32 35 33 37 46 36 42 33 41 43 30 37 39 | 5F92537F6B3AC079 |
 46 32 37 30 31 38 30 39 46 31 30 30 37 30 36 30 | F2701809F1007060 |
 31 31 32 30 33 41 30 38 30 30 30 39 35 30 35 38 | 11203A0800095058 |
 30 38 30 30 34 30 30 30 30 39 46 33 37 30 34 35 | 0800400009F37045 |
 34 42 38 46 37 36 33 35 46 33 34 30 31 30 31 39 | 4B8F7635F3401019 |
 46 31 41 30 32 30 38 34 30 35 46 32 41 30 32 30 | F1A0208405F2A020 |
 38 34 30 39 41 30 33 32 33 31 30 32 35 39 43 30 | 8409A032310259C0 |
 31 33 30 39 46 34 31 30 34 30 30 30 30 31 32 32 | 1309F41040000122 |
 30 39 46 31 45 30 38 33 30 33 30 33 30 33 30 33 | 09F1E08303030303 |
 30 33 30 33 30 33 31 39 46 33 33 30 33 36 30 34 | 03030319F3303604 |
 30 30 30 39 46 33 35 30 31 31 34 38 45 31 32 30 | 0009F3501148E120 |
 30 30 30 30 30 30 30 30 30 30 30 30 30 30 30 30 | 0000000000000000 |
 32 30 31 30 30 30 34 30 32 30 35 34 32 30 30 31 | 2010004020542001 |
 46 30 30 39 46 33 34 30 33 30 32 30 31 30 30 39 | F009F34030201009 |
 46 33 39 30 31 30 35 39 42 30 32 36 30 30 30 35 | F3901059B0260005 |
 46 32 34 30 33 32 35 30 35 33 31 39 46 30 32 30 | F24032505319F020 |
 36 30 30 30 30 30 30 30 30 30 30 30 30 39 46 30 | 60000000000009F0 |
 39 30 32 30 30 38 43 38 34 30 37 41 30 30 30 30 | 902008C8407A0000 |
 30 30 30 39 38 30 38 34 30 1C                   | 000980840.       |

- 18:13:33.12 IB Addr 700520001 Data Length 156 ----
 04 30 31 31 39 36 30 1C 53 59 30 30 30 30 32 30 | .011960.SY000020 |
 20 20 20 20 20 20 20 1C 33 31 1C 31 32 31 39 1C |        .31.1219. |
 30 30 30 1C 30 30 33 30 33 34 34 31 1C 31 30 32 | 000.00303441.102 |
 35 32 33 1C 31 39 31 33 33 32 1C 31 30 32 36 32 | 523.191332.10262 |
 33 1C 30 31 32 31 30 37 30 31 1C 30 30 30 30 30 | 3.01210701.00000 |
 30 30 30 1C 65 30 30 30 30 30 31 32 31 30 37 30 | 000.e00000121070 |
 31 1C 75 64 38 41 30 32 33 30 33 30 39 31 30 38 | 1.ud8A0230309108 |
 42 38 35 31 45 32 41 30 30 30 38 32 30 30 30 30 | B851E2A000820000 |
 1C 21 30 30 30 30 30 33 37 35 1C 75 61 31 30 32 | .!00000375.ua102 |
 35 32 33 1C 74 31 39 31 33 33 33 1C             | 523.t191333.     |

- 18:13:33.19 OB Addr 8008 Data Length 153 ----
 02 30 1C 53 59 30 30 30 30 32 30 20 20 20 20 20 | .0.SY000020      |
 20 20 1C 33 31 1C 31 32 31 39 1C 30 30 30 1C 30 |   .31.1219.000.0 |
 30 33 30 33 34 34 31 1C 31 30 32 35 32 33 1C 31 | 0303441.102523.1 |
 39 31 33 33 32 1C 31 30 32 36 32 33 1C 30 31 32 | 91332.102623.012 |
 31 30 37 30 31 1C 30 30 30 30 30 30 30 30 1C 65 | 10701.00000000.e |
 30 30 30 30 30 31 32 31 30 37 30 31 1C 75 64 38 | 000001210701.ud8 |
 41 30 32 33 30 33 30 39 31 30 38 42 38 35 31 45 | A0230309108B851E |
 32 41 30 30 30 38 32 30 30 30 30 1C 21 30 30 30 | 2A000820000.!000 |
 30 30 33 37 35 1C 75 61 31 30 32 35 32 33 1C 74 | 00375.ua102523.t |
 31 39 31 33 33 33 1C 03 1B                      | 191333...        |

- 18:13:34.06 OB Disc Request Addr 8008 [(SY000020)(ERROR),err:0]

- 18:14:25.31 OB Addr 700520001 Data Length 570 ----
 82 83 31 32 36 35 63 08 53 59 30 30 30 30 32 30 | ..1265c.SY000020 |
 53 59 30 30 30 30 32 30 20 20 20 20 20 20 20 1C | SY000020       . |
 31 31 1C 31 32 32 30 1C 34 34 33 30 34 35 30 30 | 11.1220.44304500 |
 36 39 31 30 36 34 32 34 3D 32 35 30 35 32 30 31 | 69106424=2505201 |
 31 30 31 30 30 31 35 30 31 1C 30 30 30 33 30 30 | 101001501.000300 |
 30 30 1C 30 30 30 30 31 30 35 30 1C 38 34 36 41 | 00.00001050.846A |
 36 35 42 45 36 45 39 43 33 31 44 43 1C 1C 1C 56 | 65BE6E9C31DC...V |
 30 35 2E 30 30 2E 34 32 20 56 30 35 2E 37 30 2E | 05.00.42 V05.70. |
 34 32 20 56 30 34 2E 30 32 2E 31 34 20 30 20 20 | 42 V04.02.14 0   |
 30 54 20 20 30 30 20 30 30 30 20 20 20 20 20 30 | 0T  00 000     0 |
 30 30 30 30 30 30 32 4B 30 37 35 36 30 31 30 33 | 0000002K07560103 |
 30 30 30 30 30 30 30 30 30 30 30 30 30 30 30 30 | 0000000000000000 |
 30 30 30 30 30 30 30 30 30 30 30 30 30 30 30 30 | 0000000000000000 |
 30 30 30 30 30 30 30 30 30 30 30 30 30 30 30 30 | 0000000000000000 |
 1C 75 64 39 46 30 36 30 37 41 30 30 30 30 30 30 | .ud9F0607A000000 |
 30 39 38 30 38 34 30 38 32 30 32 31 38 30 30 39 | 0980840820218009 |
 46 33 36 30 32 30 31 30 32 39 46 32 36 30 38 34 | F360201029F26084 |
 32 34 44 30 34 42 39 34 33 33 31 36 35 46 39 39 | 24D04B9433165F99 |
 46 32 37 30 31 38 30 39 46 31 30 30 37 30 36 30 | F2701809F1007060 |
 31 31 32 30 33 41 30 30 30 30 30 39 35 30 35 38 | 11203A0000095058 |
 30 38 30 30 34 30 30 30 30 39 46 33 37 30 34 45 | 0800400009F3704E |
 37 31 36 32 37 34 34 35 46 33 34 30 31 30 31 39 | 71627445F3401019 |
 46 31 41 30 32 30 38 34 30 35 46 32 41 30 32 30 | F1A0208405F2A020 |
 38 34 30 39 41 30 33 32 33 31 30 32 35 39 43 30 | 8409A032310259C0 |
 31 30 31 39 46 34 31 30 34 30 30 30 30 31 32 32 | 1019F41040000122 |
 31 39 46 31 45 30 38 33 30 33 30 33 30 33 30 33 | 19F1E08303030303 |
 30 33 30 33 30 33 31 39 46 33 33 30 33 36 30 34 | 03030319F3303604 |
 30 30 30 39 46 33 35 30 31 31 34 38 45 31 32 30 | 0009F3501148E120 |
 30 30 30 30 30 30 30 30 30 30 30 30 30 30 30 30 | 0000000000000000 |
 32 30 31 30 30 30 34 30 32 30 35 34 32 30 30 31 | 2010004020542001 |
 46 30 30 39 46 33 34 30 33 30 32 30 31 30 30 39 | F009F34030201009 |
 46 33 39 30 31 30 35 39 42 30 32 36 30 30 30 35 | F3901059B0260005 |
 46 32 34 30 33 32 35 30 35 33 31 39 46 30 32 30 | F24032505319F020 |
 36 30 30 30 30 30 30 30 33 30 30 30 30 39 46 30 | 60000000300009F0 |
 39 30 32 30 30 38 43 38 34 30 37 41 30 30 30 30 | 902008C8407A0000 |
 30 30 30 39 38 30 38 34 30 1C                   | 000980840.       |

- 18:14:25.81 IB Addr 700520001 Data Length 156 ----
 04 30 31 32 36 35 30 1C 53 59 30 30 30 30 32 30 | .012650.SY000020 |
 20 20 20 20 20 20 20 1C 31 31 1C 31 32 32 30 1C |        .11.1220. |
 30 30 30 1C 30 30 31 35 30 30 30 37 1C 31 30 32 | 000.00150007.102 |
 35 32 33 1C 31 39 31 34 32 35 1C 31 30 32 36 32 | 523.191425.10262 |
 33 1C 30 31 31 37 39 36 35 31 1C 30 30 30 30 31 | 3.01179651.00001 |
 30 35 30 1C 65 30 30 30 30 30 31 31 37 39 36 35 | 050.e00000117965 |
 31 1C 75 64 38 41 30 32 33 30 33 30 39 31 30 38 | 1.ud8A0230309108 |
 31 43 42 33 30 45 38 41 30 30 38 32 30 30 30 30 | 1CB30E8A00820000 |
 1C 21 30 30 30 30 30 33 37 35 1C 75 61 31 30 32 | .!00000375.ua102 |
 35 32 33 1C 74 31 39 31 34 32 35 1C             | 523.t191425.     |

- 18:14:25.83 OB Addr 8008 Data Length 153 ----
 02 30 1C 53 59 30 30 30 30 32 30 20 20 20 20 20 | .0.SY000020      |
 20 20 1C 31 31 1C 31 32 32 30 1C 30 30 30 1C 30 |   .11.1220.000.0 |
 30 31 35 30 30 30 37 1C 31 30 32 35 32 33 1C 31 | 0150007.102523.1 |
 39 31 34 32 35 1C 31 30 32 36 32 33 1C 30 31 31 | 91425.102623.011 |
 37 39 36 35 31 1C 30 30 30 30 31 30 35 30 1C 65 | 79651.00001050.e |
 30 30 30 30 30 31 31 37 39 36 35 31 1C 75 64 38 | 000001179651.ud8 |
 41 30 32 33 30 33 30 39 31 30 38 31 43 42 33 30 | A02303091081CB30 |
 45 38 41 30 30 38 32 30 30 30 30 1C 21 30 30 30 | E8A00820000.!000 |
 30 30 33 37 35 1C 75 61 31 30 32 35 32 33 1C 74 | 00375.ua102523.t |
 31 39 31 34 32 35 1C 03 63                      | 191425..c        |

- 18:14:26.60 OB Disc Request Addr 8008 [(SY000020)(ERROR),err:0]

- 19:56:08.61 OB Addr 700520001 Data Length 152 ----
 82 83 31 33 44 42 63 08 53 59 30 30 30 30 32 30 | ..13DBc.SY000020 |
 53 59 30 30 30 30 32 30 20 20 20 20 20 20 20 1C | SY000020       . |
 36 30 1C 56 30 35 2E 30 30 2E 34 32 20 56 30 35 | 60.V05.00.42 V05 |
 2E 37 30 2E 34 32 20 56 30 34 2E 30 32 2E 31 34 | .70.42 V04.02.14 |
 20 30 20 20 30 54 20 20 30 30 20 30 30 30 20 20 |  0  0T  00 000   |
 20 20 20 30 30 30 30 30 30 30 32 4B 30 37 35 36 |    00000002K0756 |
 30 31 31 38 30 30 30 30 30 30 30 30 30 30 30 30 | 0118000000000000 |
 30 30 30 30 30 30 30 30 30 30 30 30 30 30 30 30 | 0000000000000000 |
 30 30 30 30 30 30 30 30 30 30 30 30 30 30 30 30 | 0000000000000000 |
 30 30 30 30 1C 5B 32 1C                         | 0000.[2.         |

- 19:56:08.73 IB Addr 700520001 Data Length 71 ----
 04 30 31 33 44 42 53 59 30 30 30 30 32 30 20 20 | .013DBSY000020   |
 20 20 20 20 20 1C 36 30 1C 7E 39 38 35 38 32 39 |      .60.~985829 |
 36 39 37 38 34 43 45 46 35 43 1C 21 30 30 30 30 | 69784CEF5C.!0000 |
 30 33 37 35 1C 7B 34 31 46 35 45 32 30 44 30 39 | 0375.{41F5E20D09 |
 45 35 34 43 43 33 1C                            | E54CC3.          |

- 19:56:09.13 OB Addr 8008 Data Length 68 ----
 02 53 59 30 30 30 30 32 30 20 20 20 20 20 20 20 | .SY000020        |
 1C 36 30 1C 7E 39 38 35 38 32 39 36 39 37 38 34 | .60.~98582969784 |
 43 45 46 35 43 1C 21 30 30 30 30 30 33 37 35 1C | CEF5C.!00000375. |
 7B 34 31 46 35 45 32 30 44 30 39 45 35 34 43 43 | {41F5E20D09E54CC |
 33 1C 03 1A                                     | 3...             |

- 19:56:10.02 OB Disc Request Addr 8008 [(SY000020)(ERROR),err:0]

- 21:58:07.80 OB Addr 700520001 Data Length 152 ----
 82 83 30 42 32 30 63 08 53 59 30 30 30 30 32 30 | ..0B20c.SY000020 |
 53 59 30 30 30 30 32 30 20 20 20 20 20 20 20 1C | SY000020       . |
 36 30 1C 56 30 35 2E 30 30 2E 34 32 20 56 30 35 | 60.V05.00.42 V05 |
 2E 37 30 2E 34 32 20 56 30 34 2E 30 32 2E 31 34 | .70.42 V04.02.14 |
 20 30 20 20 30 54 20 20 30 30 20 30 30 30 20 20 |  0  0T  00 000   |
 20 20 20 30 30 30 30 30 30 30 32 4B 30 37 35 36 |    00000002K0756 |
 30 31 31 38 30 30 30 30 30 30 30 30 30 30 30 30 | 0118000000000000 |
 30 30 30 30 30 30 30 30 30 30 30 30 30 30 30 30 | 0000000000000000 |
 30 30 30 30 30 30 30 30 30 30 30 30 30 30 30 30 | 0000000000000000 |
 30 30 30 30 1C 5B 32 1C                         | 0000.[2.         |

- 21:58:07.91 IB Addr 700520001 Data Length 71 ----
 04 30 30 42 32 30 53 59 30 30 30 30 32 30 20 20 | .00B20SY000020   |
 20 20 20 20 20 1C 36 30 1C 7E 44 41 33 36 31 43 |      .60.~DA361C |
 31 33 38 42 43 41 37 35 34 34 1C 21 30 30 30 30 | 138BCA7544.!0000 |
 30 33 37 35 1C 7B 43 36 39 46 34 42 46 39 42 42 | 0375.{C69F4BF9BB |
 44 37 33 44 35 45 1C                            | D73D5E.          |

- 21:58:08.32 OB Addr 8008 Data Length 68 ----
 02 53 59 30 30 30 30 32 30 20 20 20 20 20 20 20 | .SY000020        |
 1C 36 30 1C 7E 44 41 33 36 31 43 31 33 38 42 43 | .60.~DA361C138BC |
 41 37 35 34 34 1C 21 30 30 30 30 30 33 37 35 1C | A7544.!00000375. |
 7B 43 36 39 46 34 42 46 39 42 42 44 37 33 44 35 | {C69F4BF9BBD73D5 |
 45 1C 03 69                                     | E..i             |

- 21:58:09.76 OB Disc Request Addr 8008 [(SY000020)(ERROR),err:0]